publish_tf: false
alpha: 0.97610861139452
minus_y_icr: 0.52833529475425
